0.686950566995508
0.04939886633186913
0.029072701978896887
0.018015922735175216
0.011479927322742528
0.007436305536398069
0.004866099954296904
0.0032048059138094775
0.0021194776965779705
0.001405515056518758
0.0009337225102624414
0.0006210300567631999
0.0004133776529570976
0.00027530043753323796
0.00018340730343516243
0.000122215522122604
8.145212994867257e-05
5.428898826240203e-05
3.618949240632996e-05
2.4119362425051305e-05
1.6088293077642923e-05
1.0740068788012147e-05
7.13145114705771e-06
4.797990968891108e-06
3.316983945178542e-06
1.6409726810995284e-06
