-0.17356546601839162
-0.003979887996199083
-0.0010911840842249831
-0.00030914914499952095
-8.911713760723083e-05
-2.5949530432833878e-05
-7.602880819634894e-06
-2.236249355636044e-06
-6.594054887121281e-07
-1.947580318684139e-07
-5.758439464154108e-08
-1.7038142396952338e-08
-5.043635120660639e-09
-1.4934838366009728e-09
-4.423308941348125e-10
-1.310250241637334e-10
-3.881511778658364e-11
-1.1499079466403828e-11
-3.4071079291209116e-12
-1.0092482405354986e-12
-2.9926061628771095e-13
-8.876233081878127e-14
-2.6145752229922437e-14
-7.827072323607354e-15
-2.3869795029440866e-15
-4.996003610813204e-16
-1.6653345369377348e-16
