-1
-0.31304943300449195
-0.2636505666726228
-0.23457786469372593
-0.21656194195855072
-0.2050820146358082
-0.19764570909941012
-0.19277960914511322
-0.18957480323130374
-0.18745532553472577
-0.186049810478207
-0.18511608796794457
-0.18449505791118137
-0.18408168025822427
-0.18380637982069103
-0.18362297251725587
-0.18350075699513327
-0.1834193048651846
-0.1833650158769222
-0.18332882638451586
-0.1833047070220908
-0.18328861872901317
-0.18327787866022516
-0.1832707472090781
-0.1832659492181092
-0.18326263223416403
-0.18326099126148293
