7
8
7.657489196305208
7.825400769992364
7.861542914303492
7.854555380532605
7.854756074232241
7.854757438513044
7
8
7.657489196305208
7.825400769992364
7.861542914303492
7.854555380532605
7.854756074232241
7.854757438513044
7
8
4.3076923076923075
3.343283582089552
2.5485574969524585
2.189336682696653
2.037935014988296
2.0032247928725524
2.000059932870265
2.000000096477096
2.000000000002891
7
8
4.3076923076923075
3.343283582089552
2.5485574969524585
2.189336682696653
2.037935014988296
2.0032247928725524
2.000059932870265
2.000000096477096
2.000000000002891
7
8
4.3076923076923075
3.343283582089552
2.5485574969524585
2.189336682696653
2.037935014988296
2.0032247928725524
2.000059932870265
2.000000096477096
2.000000000002891
7
8
4.3076923076923075
3.343283582089552
2.5485574969524585
2.189336682696653
2.037935014988296
2.0032247928725524
2.000059932870265
2.000000096477096
2.000000000002891
