1
-0.34251080369479237
0.1679115736871566
0.03614214431112739
-0.006987533770886678
0.0002006936996359343
1.3642808029956655e-06
1
-0.34251080369479237
0.1679115736871566
0.03614214431112739
-0.006987533770886678
0.0002006936996359343
1.3642808029956655e-06
1
-3.6923076923076925
-0.9644087256027554
-0.7947260851370936
-0.35922081425580554
-0.15140166770835695
-0.034710222115743594
-0.0031648600022875506
-5.983639316875511e-05
-9.647420506908588e-08
1
-3.6923076923076925
-0.9644087256027554
-0.7947260851370936
-0.35922081425580554
-0.15140166770835695
-0.034710222115743594
-0.0031648600022875506
-5.983639316875511e-05
-9.647420506908588e-08
1
-3.6923076923076925
-0.9644087256027554
-0.7947260851370936
-0.35922081425580554
-0.15140166770835695
-0.034710222115743594
-0.0031648600022875506
-5.983639316875511e-05
-9.647420506908588e-08
1
-3.6923076923076925
-0.9644087256027554
-0.7947260851370936
-0.35922081425580554
-0.15140166770835695
-0.034710222115743594
-0.0031648600022875506
-5.983639316875511e-05
-9.647420506908588e-08
