414.3774488983514
-215.86476835322586
414.3774488983514
-215.86476835322586
207.59652236850448
36.769648421665885
-8.812642505904105
0.2605987189194273
414.3774488983514
-215.86476835322586
414.3774488983514
-215.86476835322586
207.59652236850448
36.769648421665885
-8.812642505904105
0.2605987189194273
35
48
35
48
9.940828402366863
4.490977946090442
1.3980303213676635
0.41452174480787907
0.0773090953387543
0.006459985034175553
0.00011986933247865039
35
48
35
48
9.940828402366863
4.490977946090442
1.3980303213676635
0.41452174480787907
0.0773090953387543
0.006459985034175553
0.00011986933247865039
35
48
35
48
9.940828402366863
4.490977946090442
1.3980303213676635
0.41452174480787907
0.0773090953387543
0.006459985034175553
0.00011986933247865039
35
48
35
48
9.940828402366863
4.490977946090442
1.3980303213676635
0.41452174480787907
0.0773090953387543
0.006459985034175553
0.00011986933247865039
