-1.720350208122199
-0.35088529526559986
-0.0654924417121676
-0.0317638702451786
-0.015769768751627382
-0.007871158263712843
-0.003933872321933267
-0.001966723087614171
-0.000983334918307087
-0.0004916641312368355
-0.0002458316496372906
-0.00012291577282126873
-6.14578799109706e-05
-3.072893914302758e-05
-1.536446946995658e-05
-7.682234722283641e-06
-3.84111735955499e-06
-1.9205586795791406e-06
-9.602793397647762e-07
-4.801396698792887e-07
-2.40069834939257e-07
-1.200349174695801e-07
-6.001745873478398e-08
-3.000872936739124e-08
-1.500436468369552e-08
-7.502182341847749e-09
-3.751091170923874e-09
-1.875545585461936e-09
-9.37772792730968e-10
-4.68886396365484e-10
-2.34443198182742e-10
-1.17221599091371e-10
-5.86107995456855e-11
-2.930539977284275e-11
-1.4652699886421375e-11
-7.326349943210687e-12
-3.663174971605344e-12
-1.831587485802672e-12
-9.15793742901336e-13
-4.57896871450668e-13
-2.28948435725334e-13
-1.14474217862667e-13
-5.72371089313335e-14
-2.861855446566675e-14
-1.4309277232833374e-14
-7.154638616416687e-15
-3.5773193082083435e-15
-1.7886596541041717e-15
-8.943298270520859e-16
-4.471649135260429e-16
-2.2358245676302147e-16
-1.1179122838151073e-16
-5.589561419075537e-17
-2.7947807095377684e-17
-1.3973903547688842e-17
-6.986951773844421e-18
-3.4934758869222104e-18
-1.7467379434611052e-18
-8.733689717305526e-19
-4.366844858652763e-19
-2.1834224293263815e-19
-1.0917112146631908e-19
-5.458556073315954e-20
-2.729278036657977e-20
-1.3646390183289885e-20
-6.823195091644942e-21
-3.411597545822471e-21
-1.7057987729112356e-21
-8.528993864556178e-22
-4.264496932278089e-22
-2.1322484661390445e-22
-1.0661242330695222e-22
-5.330621165347611e-23
-2.6653105826738056e-23
-1.3326552913369028e-23
-6.663276456684514e-24
-3.331638228342257e-24
-1.6658191141711285e-24
-8.329095570855642e-25
-4.164547785427821e-25
-2.0822738927139106e-25
-1.0411369463569553e-25
-5.205684731784777e-26
-2.602842365892388e-26
-1.301421182946194e-26
-6.50710591473097e-27
-3.253552957365485e-27
-1.6267764786827427e-27
-8.133882393413713e-28
-4.066941196706857e-28
-2.0334705983534283e-28
-1.0167352991767142e-28
-5.083676495883571e-29
-2.5418382479417854e-29
-1.2709191239708927e-29
-6.354595619854464e-30
-3.177297809927232e-30
-1.588648904963616e-30
-7.94324452481808e-31
-3.97162226240904e-31
-1.98581113120452e-31
-9.9290556560226e-32
-4.9645278280113e-32
-2.48226391400565e-32
-1.241131957002825e-32
-6.205659785014125e-33
-3.102829892507062e-33
-1.551414946253531e-33
-7.757074731267656e-34
-3.878537365633828e-34
-1.939268682816914e-34
-9.69634341408457e-35
-4.848171707042285e-35
-2.4240858535211424e-35
-1.2120429267605712e-35
-6.060214633802856e-36
-3.030107316901428e-36
-1.515053658450714e-36
-7.57526829225357e-37
-3.787634146126785e-37
-1.8938170730633925e-37
-9.469085365316962e-38
-4.734542682658481e-38
-2.3672713413292406e-38
-1.1836356706646203e-38
-5.918178353323102e-39
-2.959089176661551e-39
-1.4795445883307754e-39
-7.397722941653877e-40
-3.6988614708269385e-40
-1.8494307354134692e-40
-9.247153677067346e-41
-4.623576838533673e-41
-2.3117884192668365e-41
-1.1558942096334183e-41
-5.779471048167091e-42
-2.8897355240835457e-42
-1.4448677620417728e-42
-7.224338810208864e-43
-3.612169405104432e-43
-1.806084702552216e-43
-9.03042351276108e-44
-4.51521175638054e-44
-2.25760587819027e-44
-1.128802939095135e-44
-5.644014695475675e-45
-2.8220073477378376e-45
-1.4110036738689188e-45
-7.055018369344594e-46
-3.527509184672297e-46
-1.7637545923361485e-46
-8.818772961680742e-47
-4.409386480840371e-47
-2.2046932404201856e-47
-1.1023466202100928e-47
-5.511733101050464e-48
-2.755866550525232e-48
-1.377933275262616e-48
-6.88966637631308e-49
-3.44483318815654e-49
-1.72241659407827e-49
-8.61208297039135e-50
-4.306041485195675e-50
-2.1530207425978375e-50
-1.0765103712989188e-50
-5.382551856494594e-51
-2.691275928247297e-51
-1.3456379641236484e-51
-6.728189820618242e-52
-3.364094910309121e-52
-1.6820474551545606e-52
-8.410237275772803e-53
-4.205118637886401e-53
-2.1025593189432007e-53
-1.0512796594716003e-53
-5.256398297358002e-54
-2.628199148679001e-54
-1.3140995743395004e-54
-6.570497871697502e-55
-3.285248935848751e-55
-1.6426244679243755e-55
-8.213122339621878e-56
-4.106561169810939e-56
-2.0532805849054694e-56
-1.0266402924527347e-56
-5.133201462263674e-57
-2.566600731131837e-57
-1.2833003655659184e-57
-6.416501827829592e-58
-3.208250913914796e-58
-1.604125456957398e-58
-8.02062728478699e-59
-4.010313642393495e-59
-2.0051568211967475e-59
-1.0025784105983737e-59
-5.012892052991869e-60
-2.5064460264959344e-60
-1.2532230132479672e-60
-6.266115066239836e-61
-3.133057533119918e-61
-1.566528766559959e-61
-7.832643832799795e-62
-3.916321916399897e-62
-1.9581609581999487e-62
-9.790804790999744e-63
-4.895402395499872e-63
-2.447701197749936e-63
-1.223850598874968e-63
-6.11925299437484e-64
-3.05962649718742e-64
-1.52981324859371e-64
-7.64906624296855e-65
-3.824533121484275e-65
-1.9122665607421374e-65
-9.561332803710687e-66
-4.780666401855344e-66
-2.390333200927672e-66
-1.195166600463836e-66
-5.97583300231918e-67
-2.98791650115959e-67
-1.493958250579795e-67
-7.469791252898974e-68
-3.734895626449487e-68
-1.8674478132247436e-68
-9.337239066123718e-69
-4.668619533061859e-69
-2.3343097665309295e-69
-1.1671548832654647e-69
-5.835774416327324e-70
-2.917887208163662e-70
-1.458943604081831e-70
-7.294718020409155e-71
-3.647359010204577e-71
-1.8236795051022886e-71
-9.118397525511443e-72
-4.559198762755722e-72
-2.279599381377861e-72
-1.1397996906889304e-72
-5.698998453444652e-73
-2.849499226722326e-73
-1.424749613361163e-73
-7.123748066805815e-74
-3.5618740334029075e-74
-1.7809370167014538e-74
-8.904685083507269e-75
-4.452342541753634e-75
-2.226171270876817e-75
-1.1130856354384086e-75
-5.565428177192043e-76
-2.7827140885960215e-76
-1.3913570442980107e-76
-6.956785221490054e-77
-3.478392610745027e-77
-1.7391963053725134e-77
-8.695981526862567e-78
-4.347990763431284e-78
-2.173995381715642e-78
-1.086997690857821e-78
-5.434988454289104e-79
-2.717494227144552e-79
-1.358747113572276e-79
-6.79373556786138e-80
-3.39686778393069e-80
-1.698433891965345e-80
-8.492169459826726e-81
-4.246084729913363e-81
-2.1230423649566814e-81
-1.0615211824783407e-81
-5.307605912391704e-82
-2.653802956195852e-82
-1.326901478097926e-82
-6.63450739048963e-83
-3.317253695244815e-83
-1.6586268476224074e-83
-8.293134238112037e-84
-4.146567119056018e-84
-2.073283559528009e-84
-1.0366417797640046e-84
-5.183208898820023e-85
-2.5916044494100115e-85
-1.2958022247050058e-85
-6.479011123525029e-86
-3.2395055617625144e-86
-1.6197527808812572e-86
-8.098763904406286e-87
-4.049381952203143e-87
-2.0246909761015715e-87
-1.0123454880507857e-87
-5.061727440253929e-88
-2.5308637201269644e-88
-1.2654318600634822e-88
-6.327159300317411e-89
-3.1635796501587055e-89
-1.5817898250793527e-89
-7.908949125396764e-90
-3.954474562698382e-90
-1.977237281349191e-90
-9.886186406745955e-91
-4.943093203372977e-91
-2.4715466016864886e-91
-1.2357733008432443e-91
-6.178866504216222e-92
-3.089433252108111e-92
-1.5447166260540554e-92
-7.723583130270277e-93
-3.8617915651351385e-93
-1.9308957825675693e-93
-9.654478912837846e-94
-4.827239456418923e-94
-2.4136197282094616e-94
-1.2068098641047308e-94
-6.034049320523654e-95
-3.017024660261827e-95
-1.5085123301309135e-95
-7.542561650654567e-96
-3.771280825327284e-96
-1.885640412663642e-96
-9.42820206331821e-97
-4.714101031659105e-97
-2.3570505158295523e-97
-1.1785252579147762e-97
-5.892626289573881e-98
-2.9463131447869404e-98
-1.4731565723934702e-98
-7.365782861967351e-99
-3.6828914309836755e-99
-1.8414457154918377e-99
-9.207228577459189e-100
-4.603614288729594e-100
-2.301807144364797e-100
-1.1509035721823986e-100
-5.754517860911993e-101
-2.8772589304559965e-101
-1.4386294652279982e-101
-7.193147326139991e-102
-3.5965736630699956e-102
-1.7982868315349978e-102
-8.991434157674989e-103
-4.495717078837494e-103
-2.247858539418747e-103
-1.1239292697093736e-103
-5.619646348546868e-104
-2.809823174273434e-104
-1.404911587136717e-104
-7.024557935683585e-105
-3.5122789678417926e-105
-1.7561394839208963e-105
-8.780697419604481e-106
-4.390348709802241e-106
-2.1951743549011204e-106
-1.0975871774505602e-106
-5.487935887252801e-107
-2.7439679436264004e-107
-1.3719839718132002e-107
-6.859919859066001e-108
-3.4299599295330006e-108
-1.7149799647665003e-108
-8.574899823832501e-109
-4.287449911916251e-109
-2.1437249559581253e-109
-1.0718624779790627e-109
-5.359312389895313e-110
-2.6796561949476567e-110
-1.3398280974738283e-110
-6.699140487369142e-111
-3.349570243684571e-111
-1.6747851218422854e-111
-8.373925609211427e-112
-4.186962804605714e-112
-2.093481402302857e-112
-1.0467407011514284e-112
-5.233703505757142e-113
-2.616851752878571e-113
-1.3084258764392855e-113
-6.542129382196427e-114
-3.271064691098214e-114
-1.635532345549107e-114
-8.177661727745534e-115
-4.088830863872767e-115
-2.0444154319363836e-115
-1.0222077159681918e-115
-5.111038579840959e-116
-2.5555192899204795e-116
-1.2777596449602397e-116
-6.388798224801199e-117
-3.194399112400599e-117
-1.5971995562002997e-117
-7.985997781001498e-118
-3.992998890500749e-118
-1.9964994452503746e-118
-9.982497226251873e-119
-4.991248613125936e-119
-2.495624306562968e-119
-1.247812153281484e-119
-6.23906076640742e-120
-3.11953038320371e-120
-1.559765191601855e-120
-7.798825958009276e-121
-3.899412979004638e-121
-1.949706489502319e-121
-9.748532447511595e-122
-4.874266223755797e-122
-2.4371331118778987e-122
-1.2185665559389493e-122
-6.092832779694747e-123
-3.046416389847373e-123
-1.5232081949236867e-123
-7.616040974618433e-124
-3.808020487309217e-124
-1.9040102436546083e-124
-9.520051218273042e-125
-4.760025609136521e-125
-2.3800128045682604e-125
-1.1900064022841302e-125
-5.950032011420651e-126
-2.9750160057103255e-126
-1.4875080028551628e-126
-7.437540014275814e-127
-3.718770007137907e-127
-1.8593850035689535e-127
-9.296925017844767e-128
-4.648462508922384e-128
-2.324231254461192e-128
-1.162115627230596e-128
-5.81057813615298e-129
-2.90528906807649e-129
-1.452644534038245e-129
-7.263222670191224e-130
-3.631611335095612e-130
-1.815805667547806e-130
-9.07902833773903e-131
-4.539514168869515e-131
-2.2697570844347576e-131
-1.1348785422173788e-131
-5.674392711086894e-132
-2.837196355543447e-132
-1.4185981777717235e-132
-7.092990888858618e-133
-3.546495444429309e-133
-1.7732477222146544e-133
-8.866238611073272e-134
-4.433119305536636e-134
-2.216559652768318e-134
-1.108279826384159e-134
-5.541399131920795e-135
-2.7706995659603975e-135
-1.3853497829801987e-135
-6.926748914900994e-136
-3.463374457450497e-136
-1.7316872287252484e-136
-8.658436143626242e-137
-4.329218071813121e-137
-2.1646090359065605e-137
-1.0823045179532803e-137
-5.411522589766401e-138
-2.7057612948832007e-138
-1.3528806474416003e-138
-6.764403237208002e-139
-3.382201618604001e-139
-1.6911008093020004e-139
-8.455504046510002e-140
-4.227752023255001e-140
-2.1138760116275005e-140
-1.0569380058137503e-140
-5.284690029068751e-141
-2.6423450145343757e-141
-1.3211725072671878e-141
-6.605862536335939e-142
-3.3029312681679696e-142
-1.6514656340839848e-142
-8.257328170419924e-143
-4.128664085209962e-143
-2.064332042604981e-143
-1.0321660213024905e-143
-5.160830106512452e-144
-2.580415053256226e-144
-1.290207526628113e-144
-6.451037633140566e-145
-3.225518816570283e-145
-1.6127594082851414e-145
-8.063797041425707e-146
-4.0318985207128535e-146
-2.0159492603564267e-146
-1.0079746301782134e-146
-5.039873150891067e-147
-2.5199365754455334e-147
-1.2599682877227667e-147
-6.299841438613834e-148
-3.149920719306917e-148
-1.5749603596534584e-148
-7.874801798267292e-149
-3.937400899133646e-149
-1.968700449566823e-149
-9.843502247834115e-150
-4.921751123917057e-150
-2.460875561958529e-150
-1.2304377809792644e-150
-6.152188904896322e-151
-3.076094452448161e-151
-1.5380472262240805e-151
-7.690236131120402e-152
-3.845118065560201e-152
-1.9225590327801006e-152
-9.612795163900503e-153
-4.806397581950251e-153
-2.4031987909751257e-153
-1.2015993954875629e-153
-6.007996977437814e-154
-3.003998488718907e-154
-1.5019992443594536e-154
-7.509996221797268e-155
-3.754998110898635e-155
-1.877499055449316e-155
-9.387495277246612e-156
-4.693747638623253e-156
-2.346873819311482e-156
-1.173436909655919e-156
-5.867184548284898e-157
-2.9335922741451386e-157
-1.466796137097656e-157
-7.333980685654062e-158
-3.66699034223362e-158
-1.833495172752943e-158
-9.167475804098404e-159
-4.583737812549737e-159
-2.2918691088588725e-159
-1.145934588838884e-159
-5.729678849667976e-160
-2.8648428937208616e-160
-1.432448207651633e-160
-7.162426885077529e-161
-3.580629859759827e-161
-1.793751421228821e-161
-8.98587434428212e-162
-4.449322615516162e-162
-2.2284778474401826e-162
-1.1200098483011133e-162
0.0
-1.720350208122199
-0.35088529526559986
-0.0654924417121676
-0.0317638702451786
-0.015769768751627382
-0.007871158263712843
-0.003933872321933267
-0.001966723087614171
-0.000983334918307087
-0.0004916641312368355
-0.0002458316496372906
-0.00012291577282126873
-6.14578799109706e-05
-3.072893914302758e-05
-1.536446946995658e-05
-7.682234722283641e-06
-3.84111735955499e-06
-1.9205586795791406e-06
-9.602793397647762e-07
-4.801396698792887e-07
-2.40069834939257e-07
-1.200349174695801e-07
-6.001745873478398e-08
-3.000872936739124e-08
-1.500436468369552e-08
-7.502182341847749e-09
-3.751091170923874e-09
-1.875545585461936e-09
-9.37772792730968e-10
-4.68886396365484e-10
-2.34443198182742e-10
-1.17221599091371e-10
-5.86107995456855e-11
-2.930539977284275e-11
-1.4652699886421375e-11
-7.326349943210687e-12
-3.663174971605344e-12
-1.831587485802672e-12
-9.15793742901336e-13
-4.57896871450668e-13
-2.28948435725334e-13
-1.14474217862667e-13
-5.72371089313335e-14
-2.861855446566675e-14
-1.4309277232833374e-14
-7.154638616416687e-15
-3.5773193082083435e-15
-1.7886596541041717e-15
-8.943298270520859e-16
-4.471649135260429e-16
-2.2358245676302147e-16
-1.1179122838151073e-16
-5.589561419075537e-17
-2.7947807095377684e-17
-1.3973903547688842e-17
-6.986951773844421e-18
-3.4934758869222104e-18
-1.7467379434611052e-18
-8.733689717305526e-19
-4.366844858652763e-19
-2.1834224293263815e-19
-1.0917112146631908e-19
-5.458556073315954e-20
-2.729278036657977e-20
-1.3646390183289885e-20
-6.823195091644942e-21
-3.411597545822471e-21
-1.7057987729112356e-21
-8.528993864556178e-22
-4.264496932278089e-22
-2.1322484661390445e-22
-1.0661242330695222e-22
-5.330621165347611e-23
-2.6653105826738056e-23
-1.3326552913369028e-23
-6.663276456684514e-24
-3.331638228342257e-24
-1.6658191141711285e-24
-8.329095570855642e-25
-4.164547785427821e-25
-2.0822738927139106e-25
-1.0411369463569553e-25
-5.205684731784777e-26
-2.602842365892388e-26
-1.301421182946194e-26
-6.50710591473097e-27
-3.253552957365485e-27
-1.6267764786827427e-27
-8.133882393413713e-28
-4.066941196706857e-28
-2.0334705983534283e-28
-1.0167352991767142e-28
-5.083676495883571e-29
-2.5418382479417854e-29
-1.2709191239708927e-29
-6.354595619854464e-30
-3.177297809927232e-30
-1.588648904963616e-30
-7.94324452481808e-31
-3.97162226240904e-31
-1.98581113120452e-31
-9.9290556560226e-32
-4.9645278280113e-32
-2.48226391400565e-32
-1.241131957002825e-32
-6.205659785014125e-33
-3.102829892507062e-33
-1.551414946253531e-33
-7.757074731267656e-34
-3.878537365633828e-34
-1.939268682816914e-34
-9.69634341408457e-35
-4.848171707042285e-35
-2.4240858535211424e-35
-1.2120429267605712e-35
-6.060214633802856e-36
-3.030107316901428e-36
-1.515053658450714e-36
-7.57526829225357e-37
-3.787634146126785e-37
-1.8938170730633925e-37
-9.469085365316962e-38
-4.734542682658481e-38
-2.3672713413292406e-38
-1.1836356706646203e-38
-5.918178353323102e-39
-2.959089176661551e-39
-1.4795445883307754e-39
-7.397722941653877e-40
-3.6988614708269385e-40
-1.8494307354134692e-40
-9.247153677067346e-41
-4.623576838533673e-41
-2.3117884192668365e-41
-1.1558942096334183e-41
-5.779471048167091e-42
-2.8897355240835457e-42
-1.4448677620417728e-42
-7.224338810208864e-43
-3.612169405104432e-43
-1.806084702552216e-43
-9.03042351276108e-44
-4.51521175638054e-44
-2.25760587819027e-44
-1.128802939095135e-44
-5.644014695475675e-45
-2.8220073477378376e-45
-1.4110036738689188e-45
-7.055018369344594e-46
-3.527509184672297e-46
-1.7637545923361485e-46
-8.818772961680742e-47
-4.409386480840371e-47
-2.2046932404201856e-47
-1.1023466202100928e-47
-5.511733101050464e-48
-2.755866550525232e-48
-1.377933275262616e-48
-6.88966637631308e-49
-3.44483318815654e-49
-1.72241659407827e-49
-8.61208297039135e-50
-4.306041485195675e-50
-2.1530207425978375e-50
-1.0765103712989188e-50
-5.382551856494594e-51
-2.691275928247297e-51
-1.3456379641236484e-51
-6.728189820618242e-52
-3.364094910309121e-52
-1.6820474551545606e-52
-8.410237275772803e-53
-4.205118637886401e-53
-2.1025593189432007e-53
-1.0512796594716003e-53
-5.256398297358002e-54
-2.628199148679001e-54
-1.3140995743395004e-54
-6.570497871697502e-55
-3.285248935848751e-55
-1.6426244679243755e-55
-8.213122339621878e-56
-4.106561169810939e-56
-2.0532805849054694e-56
-1.0266402924527347e-56
-5.133201462263674e-57
-2.566600731131837e-57
-1.2833003655659184e-57
-6.416501827829592e-58
-3.208250913914796e-58
-1.604125456957398e-58
-8.02062728478699e-59
-4.010313642393495e-59
-2.0051568211967475e-59
-1.0025784105983737e-59
-5.012892052991869e-60
-2.5064460264959344e-60
-1.2532230132479672e-60
-6.266115066239836e-61
-3.133057533119918e-61
-1.566528766559959e-61
-7.832643832799795e-62
-3.916321916399897e-62
-1.9581609581999487e-62
-9.790804790999744e-63
-4.895402395499872e-63
-2.447701197749936e-63
-1.223850598874968e-63
-6.11925299437484e-64
-3.05962649718742e-64
-1.52981324859371e-64
-7.64906624296855e-65
-3.824533121484275e-65
-1.9122665607421374e-65
-9.561332803710687e-66
-4.780666401855344e-66
-2.390333200927672e-66
-1.195166600463836e-66
-5.97583300231918e-67
-2.98791650115959e-67
-1.493958250579795e-67
-7.469791252898974e-68
-3.734895626449487e-68
-1.8674478132247436e-68
-9.337239066123718e-69
-4.668619533061859e-69
-2.3343097665309295e-69
-1.1671548832654647e-69
-5.835774416327324e-70
-2.917887208163662e-70
-1.458943604081831e-70
-7.294718020409155e-71
-3.647359010204577e-71
-1.8236795051022886e-71
-9.118397525511443e-72
-4.559198762755722e-72
-2.279599381377861e-72
-1.1397996906889304e-72
-5.698998453444652e-73
-2.849499226722326e-73
-1.424749613361163e-73
-7.123748066805815e-74
-3.5618740334029075e-74
-1.7809370167014538e-74
-8.904685083507269e-75
-4.452342541753634e-75
-2.226171270876817e-75
-1.1130856354384086e-75
-5.565428177192043e-76
-2.7827140885960215e-76
-1.3913570442980107e-76
-6.956785221490054e-77
-3.478392610745027e-77
-1.7391963053725134e-77
-8.695981526862567e-78
-4.347990763431284e-78
-2.173995381715642e-78
-1.086997690857821e-78
-5.434988454289104e-79
-2.717494227144552e-79
-1.358747113572276e-79
-6.79373556786138e-80
-3.39686778393069e-80
-1.698433891965345e-80
-8.492169459826726e-81
-4.246084729913363e-81
-2.1230423649566814e-81
-1.0615211824783407e-81
-5.307605912391704e-82
-2.653802956195852e-82
-1.326901478097926e-82
-6.63450739048963e-83
-3.317253695244815e-83
-1.6586268476224074e-83
-8.293134238112037e-84
-4.146567119056018e-84
-2.073283559528009e-84
-1.0366417797640046e-84
-5.183208898820023e-85
-2.5916044494100115e-85
-1.2958022247050058e-85
-6.479011123525029e-86
-3.2395055617625144e-86
-1.6197527808812572e-86
-8.098763904406286e-87
-4.049381952203143e-87
-2.0246909761015715e-87
-1.0123454880507857e-87
-5.061727440253929e-88
-2.5308637201269644e-88
-1.2654318600634822e-88
-6.327159300317411e-89
-3.1635796501587055e-89
-1.5817898250793527e-89
-7.908949125396764e-90
-3.954474562698382e-90
-1.977237281349191e-90
-9.886186406745955e-91
-4.943093203372977e-91
-2.4715466016864886e-91
-1.2357733008432443e-91
-6.178866504216222e-92
-3.089433252108111e-92
-1.5447166260540554e-92
-7.723583130270277e-93
-3.8617915651351385e-93
-1.9308957825675693e-93
-9.654478912837846e-94
-4.827239456418923e-94
-2.4136197282094616e-94
-1.2068098641047308e-94
-6.034049320523654e-95
-3.017024660261827e-95
-1.5085123301309135e-95
-7.542561650654567e-96
-3.771280825327284e-96
-1.885640412663642e-96
-9.42820206331821e-97
-4.714101031659105e-97
-2.3570505158295523e-97
-1.1785252579147762e-97
-5.892626289573881e-98
-2.9463131447869404e-98
-1.4731565723934702e-98
-7.365782861967351e-99
-3.6828914309836755e-99
-1.8414457154918377e-99
-9.207228577459189e-100
-4.603614288729594e-100
-2.301807144364797e-100
-1.1509035721823986e-100
-5.754517860911993e-101
-2.8772589304559965e-101
-1.4386294652279982e-101
-7.193147326139991e-102
-3.5965736630699956e-102
-1.7982868315349978e-102
-8.991434157674989e-103
-4.495717078837494e-103
-2.247858539418747e-103
-1.1239292697093736e-103
-5.619646348546868e-104
-2.809823174273434e-104
-1.404911587136717e-104
-7.024557935683585e-105
-3.5122789678417926e-105
-1.7561394839208963e-105
-8.780697419604481e-106
-4.390348709802241e-106
-2.1951743549011204e-106
-1.0975871774505602e-106
-5.487935887252801e-107
-2.7439679436264004e-107
-1.3719839718132002e-107
-6.859919859066001e-108
-3.4299599295330006e-108
-1.7149799647665003e-108
-8.574899823832501e-109
-4.287449911916251e-109
-2.1437249559581253e-109
-1.0718624779790627e-109
-5.359312389895313e-110
-2.6796561949476567e-110
-1.3398280974738283e-110
-6.699140487369142e-111
-3.349570243684571e-111
-1.6747851218422854e-111
-8.373925609211427e-112
-4.186962804605714e-112
-2.093481402302857e-112
-1.0467407011514284e-112
-5.233703505757142e-113
-2.616851752878571e-113
-1.3084258764392855e-113
-6.542129382196427e-114
-3.271064691098214e-114
-1.635532345549107e-114
-8.177661727745534e-115
-4.088830863872767e-115
-2.0444154319363836e-115
-1.0222077159681918e-115
-5.111038579840959e-116
-2.5555192899204795e-116
-1.2777596449602397e-116
-6.388798224801199e-117
-3.194399112400599e-117
-1.5971995562002997e-117
-7.985997781001498e-118
-3.992998890500749e-118
-1.9964994452503746e-118
-9.982497226251873e-119
-4.991248613125936e-119
-2.495624306562968e-119
-1.247812153281484e-119
-6.23906076640742e-120
-3.11953038320371e-120
-1.559765191601855e-120
-7.798825958009276e-121
-3.899412979004638e-121
-1.949706489502319e-121
-9.748532447511595e-122
-4.874266223755797e-122
-2.4371331118778987e-122
-1.2185665559389493e-122
-6.092832779694747e-123
-3.046416389847373e-123
-1.5232081949236867e-123
-7.616040974618433e-124
-3.808020487309217e-124
-1.9040102436546083e-124
-9.520051218273042e-125
-4.760025609136521e-125
-2.3800128045682604e-125
-1.1900064022841302e-125
-5.950032011420651e-126
-2.9750160057103255e-126
-1.4875080028551628e-126
-7.437540014275814e-127
-3.718770007137907e-127
-1.8593850035689535e-127
-9.296925017844767e-128
-4.648462508922384e-128
-2.324231254461192e-128
-1.162115627230596e-128
-5.81057813615298e-129
-2.90528906807649e-129
-1.452644534038245e-129
-7.263222670191224e-130
-3.631611335095612e-130
-1.815805667547806e-130
-9.07902833773903e-131
-4.539514168869515e-131
-2.2697570844347576e-131
-1.1348785422173788e-131
-5.674392711086894e-132
-2.837196355543447e-132
-1.4185981777717235e-132
-7.092990888858618e-133
-3.546495444429309e-133
-1.7732477222146544e-133
-8.866238611073272e-134
-4.433119305536636e-134
-2.216559652768318e-134
-1.108279826384159e-134
-5.541399131920795e-135
-2.7706995659603975e-135
-1.3853497829801987e-135
-6.926748914900994e-136
-3.463374457450497e-136
-1.7316872287252484e-136
-8.658436143626242e-137
-4.329218071813121e-137
-2.1646090359065605e-137
-1.0823045179532803e-137
-5.411522589766401e-138
-2.7057612948832007e-138
-1.3528806474416003e-138
-6.764403237208002e-139
-3.382201618604001e-139
-1.6911008093020004e-139
-8.455504046510002e-140
-4.227752023255001e-140
-2.1138760116275005e-140
-1.0569380058137503e-140
-5.284690029068751e-141
-2.6423450145343757e-141
-1.3211725072671878e-141
-6.605862536335939e-142
-3.3029312681679696e-142
-1.6514656340839848e-142
-8.257328170419924e-143
-4.128664085209962e-143
-2.064332042604981e-143
-1.0321660213024905e-143
-5.160830106512452e-144
-2.580415053256226e-144
-1.290207526628113e-144
-6.451037633140566e-145
-3.225518816570283e-145
-1.6127594082851414e-145
-8.063797041425707e-146
-4.0318985207128535e-146
-2.0159492603564267e-146
-1.0079746301782134e-146
-5.039873150891067e-147
-2.5199365754455334e-147
-1.2599682877227667e-147
-6.299841438613834e-148
-3.149920719306917e-148
-1.5749603596534584e-148
-7.874801798267292e-149
-3.937400899133646e-149
-1.968700449566823e-149
-9.843502247834115e-150
-4.921751123917057e-150
-2.460875561958529e-150
-1.2304377809792644e-150
-6.152188904896322e-151
-3.076094452448161e-151
-1.5380472262240805e-151
-7.690236131120402e-152
-3.845118065560201e-152
-1.9225590327801006e-152
-9.612795163900503e-153
-4.806397581950251e-153
-2.4031987909751257e-153
-1.2015993954875629e-153
-6.007996977437814e-154
-3.003998488718907e-154
-1.5019992443594536e-154
-7.509996221797268e-155
-3.754998110898635e-155
-1.877499055449316e-155
-9.387495277246612e-156
-4.693747638623253e-156
-2.346873819311482e-156
-1.173436909655919e-156
-5.867184548284898e-157
-2.9335922741451386e-157
-1.466796137097656e-157
-7.333980685654062e-158
-3.66699034223362e-158
-1.833495172752943e-158
-9.167475804098404e-159
-4.583737812549737e-159
-2.2918691088588725e-159
-1.145934588838884e-159
-5.729678849667976e-160
-2.8648428937208616e-160
-1.432448207651633e-160
-7.162426885077529e-161
-3.580629859759827e-161
-1.793751421228821e-161
-8.98587434428212e-162
-4.449322615516162e-162
-2.2284778474401826e-162
-1.1200098483011133e-162
0.0
-1.720350208122199
-0.35088529526559986
-0.0654924417121676
-0.0317638702451786
-0.015769768751627382
-0.007871158263712843
-0.003933872321933267
-0.001966723087614171
-0.000983334918307087
-0.0004916641312368355
-0.0002458316496372906
-0.00012291577282126873
-6.14578799109706e-05
-3.072893914302758e-05
-1.536446946995658e-05
-7.682234722283641e-06
-3.84111735955499e-06
-1.9205586795791406e-06
-9.602793397647762e-07
-4.801396698792887e-07
-2.40069834939257e-07
-1.200349174695801e-07
-6.001745873478398e-08
-3.000872936739124e-08
-1.500436468369552e-08
-7.502182341847749e-09
-3.751091170923874e-09
-1.875545585461936e-09
-9.37772792730968e-10
-4.68886396365484e-10
-2.34443198182742e-10
-1.17221599091371e-10
-5.86107995456855e-11
-2.930539977284275e-11
-1.4652699886421375e-11
-7.326349943210687e-12
-3.663174971605344e-12
-1.831587485802672e-12
-9.15793742901336e-13
-4.57896871450668e-13
-2.28948435725334e-13
-1.14474217862667e-13
-5.72371089313335e-14
-2.861855446566675e-14
-1.4309277232833374e-14
-7.154638616416687e-15
-3.5773193082083435e-15
-1.7886596541041717e-15
-8.943298270520859e-16
-4.471649135260429e-16
-2.2358245676302147e-16
-1.1179122838151073e-16
-5.589561419075537e-17
-2.7947807095377684e-17
-1.3973903547688842e-17
-6.986951773844421e-18
-3.4934758869222104e-18
-1.7467379434611052e-18
-8.733689717305526e-19
-4.366844858652763e-19
-2.1834224293263815e-19
-1.0917112146631908e-19
-5.458556073315954e-20
-2.729278036657977e-20
-1.3646390183289885e-20
-6.823195091644942e-21
-3.411597545822471e-21
-1.7057987729112356e-21
-8.528993864556178e-22
-4.264496932278089e-22
-2.1322484661390445e-22
-1.0661242330695222e-22
-5.330621165347611e-23
-2.6653105826738056e-23
-1.3326552913369028e-23
-6.663276456684514e-24
-3.331638228342257e-24
-1.6658191141711285e-24
-8.329095570855642e-25
-4.164547785427821e-25
-2.0822738927139106e-25
-1.0411369463569553e-25
-5.205684731784777e-26
-2.602842365892388e-26
-1.301421182946194e-26
-6.50710591473097e-27
-3.253552957365485e-27
-1.6267764786827427e-27
-8.133882393413713e-28
-4.066941196706857e-28
-2.0334705983534283e-28
-1.0167352991767142e-28
-5.083676495883571e-29
-2.5418382479417854e-29
-1.2709191239708927e-29
-6.354595619854464e-30
-3.177297809927232e-30
-1.588648904963616e-30
-7.94324452481808e-31
-3.97162226240904e-31
-1.98581113120452e-31
-9.9290556560226e-32
-4.9645278280113e-32
-2.48226391400565e-32
-1.241131957002825e-32
-6.205659785014125e-33
-3.102829892507062e-33
-1.551414946253531e-33
-7.757074731267656e-34
-3.878537365633828e-34
-1.939268682816914e-34
-9.69634341408457e-35
-4.848171707042285e-35
-2.4240858535211424e-35
-1.2120429267605712e-35
-6.060214633802856e-36
-3.030107316901428e-36
-1.515053658450714e-36
-7.57526829225357e-37
-3.787634146126785e-37
-1.8938170730633925e-37
-9.469085365316962e-38
-4.734542682658481e-38
-2.3672713413292406e-38
-1.1836356706646203e-38
-5.918178353323102e-39
-2.959089176661551e-39
-1.4795445883307754e-39
-7.397722941653877e-40
-3.6988614708269385e-40
-1.8494307354134692e-40
-9.247153677067346e-41
-4.623576838533673e-41
-2.3117884192668365e-41
-1.1558942096334183e-41
-5.779471048167091e-42
-2.8897355240835457e-42
-1.4448677620417728e-42
-7.224338810208864e-43
-3.612169405104432e-43
-1.806084702552216e-43
-9.03042351276108e-44
-4.51521175638054e-44
-2.25760587819027e-44
-1.128802939095135e-44
-5.644014695475675e-45
-2.8220073477378376e-45
-1.4110036738689188e-45
-7.055018369344594e-46
-3.527509184672297e-46
-1.7637545923361485e-46
-8.818772961680742e-47
-4.409386480840371e-47
-2.2046932404201856e-47
-1.1023466202100928e-47
-5.511733101050464e-48
-2.755866550525232e-48
-1.377933275262616e-48
-6.88966637631308e-49
-3.44483318815654e-49
-1.72241659407827e-49
-8.61208297039135e-50
-4.306041485195675e-50
-2.1530207425978375e-50
-1.0765103712989188e-50
-5.382551856494594e-51
-2.691275928247297e-51
-1.3456379641236484e-51
-6.728189820618242e-52
-3.364094910309121e-52
-1.6820474551545606e-52
-8.410237275772803e-53
-4.205118637886401e-53
-2.1025593189432007e-53
-1.0512796594716003e-53
-5.256398297358002e-54
-2.628199148679001e-54
-1.3140995743395004e-54
-6.570497871697502e-55
-3.285248935848751e-55
-1.6426244679243755e-55
-8.213122339621878e-56
-4.106561169810939e-56
-2.0532805849054694e-56
-1.0266402924527347e-56
-5.133201462263674e-57
-2.566600731131837e-57
-1.2833003655659184e-57
-6.416501827829592e-58
-3.208250913914796e-58
-1.604125456957398e-58
-8.02062728478699e-59
-4.010313642393495e-59
-2.0051568211967475e-59
-1.0025784105983737e-59
-5.012892052991869e-60
-2.5064460264959344e-60
-1.2532230132479672e-60
-6.266115066239836e-61
-3.133057533119918e-61
-1.566528766559959e-61
-7.832643832799795e-62
-3.916321916399897e-62
-1.9581609581999487e-62
-9.790804790999744e-63
-4.895402395499872e-63
-2.447701197749936e-63
-1.223850598874968e-63
-6.11925299437484e-64
-3.05962649718742e-64
-1.52981324859371e-64
-7.64906624296855e-65
-3.824533121484275e-65
-1.9122665607421374e-65
-9.561332803710687e-66
-4.780666401855344e-66
-2.390333200927672e-66
-1.195166600463836e-66
-5.97583300231918e-67
-2.98791650115959e-67
-1.493958250579795e-67
-7.469791252898974e-68
-3.734895626449487e-68
-1.8674478132247436e-68
-9.337239066123718e-69
-4.668619533061859e-69
-2.3343097665309295e-69
-1.1671548832654647e-69
-5.835774416327324e-70
-2.917887208163662e-70
-1.458943604081831e-70
-7.294718020409155e-71
-3.647359010204577e-71
-1.8236795051022886e-71
-9.118397525511443e-72
-4.559198762755722e-72
-2.279599381377861e-72
-1.1397996906889304e-72
-5.698998453444652e-73
-2.849499226722326e-73
-1.424749613361163e-73
-7.123748066805815e-74
-3.5618740334029075e-74
-1.7809370167014538e-74
-8.904685083507269e-75
-4.452342541753634e-75
-2.226171270876817e-75
-1.1130856354384086e-75
-5.565428177192043e-76
-2.7827140885960215e-76
-1.3913570442980107e-76
-6.956785221490054e-77
-3.478392610745027e-77
-1.7391963053725134e-77
-8.695981526862567e-78
-4.347990763431284e-78
-2.173995381715642e-78
-1.086997690857821e-78
-5.434988454289104e-79
-2.717494227144552e-79
-1.358747113572276e-79
-6.79373556786138e-80
-3.39686778393069e-80
-1.698433891965345e-80
-8.492169459826726e-81
-4.246084729913363e-81
-2.1230423649566814e-81
-1.0615211824783407e-81
-5.307605912391704e-82
-2.653802956195852e-82
-1.326901478097926e-82
-6.63450739048963e-83
-3.317253695244815e-83
-1.6586268476224074e-83
-8.293134238112037e-84
-4.146567119056018e-84
-2.073283559528009e-84
-1.0366417797640046e-84
-5.183208898820023e-85
-2.5916044494100115e-85
-1.2958022247050058e-85
-6.479011123525029e-86
-3.2395055617625144e-86
-1.6197527808812572e-86
-8.098763904406286e-87
-4.049381952203143e-87
-2.0246909761015715e-87
-1.0123454880507857e-87
-5.061727440253929e-88
-2.5308637201269644e-88
-1.2654318600634822e-88
-6.327159300317411e-89
-3.1635796501587055e-89
-1.5817898250793527e-89
-7.908949125396764e-90
-3.954474562698382e-90
-1.977237281349191e-90
-9.886186406745955e-91
-4.943093203372977e-91
-2.4715466016864886e-91
-1.2357733008432443e-91
-6.178866504216222e-92
-3.089433252108111e-92
-1.5447166260540554e-92
-7.723583130270277e-93
-3.8617915651351385e-93
-1.9308957825675693e-93
-9.654478912837846e-94
-4.827239456418923e-94
-2.4136197282094616e-94
-1.2068098641047308e-94
-6.034049320523654e-95
-3.017024660261827e-95
-1.5085123301309135e-95
-7.542561650654567e-96
-3.771280825327284e-96
-1.885640412663642e-96
-9.42820206331821e-97
-4.714101031659105e-97
-2.3570505158295523e-97
-1.1785252579147762e-97
-5.892626289573881e-98
-2.9463131447869404e-98
-1.4731565723934702e-98
-7.365782861967351e-99
-3.6828914309836755e-99
-1.8414457154918377e-99
-9.207228577459189e-100
-4.603614288729594e-100
-2.301807144364797e-100
-1.1509035721823986e-100
-5.754517860911993e-101
-2.8772589304559965e-101
-1.4386294652279982e-101
-7.193147326139991e-102
-3.5965736630699956e-102
-1.7982868315349978e-102
-8.991434157674989e-103
-4.495717078837494e-103
-2.247858539418747e-103
-1.1239292697093736e-103
-5.619646348546868e-104
-2.809823174273434e-104
-1.404911587136717e-104
-7.024557935683585e-105
-3.5122789678417926e-105
-1.7561394839208963e-105
-8.780697419604481e-106
-4.390348709802241e-106
-2.1951743549011204e-106
-1.0975871774505602e-106
-5.487935887252801e-107
-2.7439679436264004e-107
-1.3719839718132002e-107
-6.859919859066001e-108
-3.4299599295330006e-108
-1.7149799647665003e-108
-8.574899823832501e-109
-4.287449911916251e-109
-2.1437249559581253e-109
-1.0718624779790627e-109
-5.359312389895313e-110
-2.6796561949476567e-110
-1.3398280974738283e-110
-6.699140487369142e-111
-3.349570243684571e-111
-1.6747851218422854e-111
-8.373925609211427e-112
-4.186962804605714e-112
-2.093481402302857e-112
-1.0467407011514284e-112
-5.233703505757142e-113
-2.616851752878571e-113
-1.3084258764392855e-113
-6.542129382196427e-114
-3.271064691098214e-114
-1.635532345549107e-114
-8.177661727745534e-115
-4.088830863872767e-115
-2.0444154319363836e-115
-1.0222077159681918e-115
-5.111038579840959e-116
-2.5555192899204795e-116
-1.2777596449602397e-116
-6.388798224801199e-117
-3.194399112400599e-117
-1.5971995562002997e-117
-7.985997781001498e-118
-3.992998890500749e-118
-1.9964994452503746e-118
-9.982497226251873e-119
-4.991248613125936e-119
-2.495624306562968e-119
-1.247812153281484e-119
-6.23906076640742e-120
-3.11953038320371e-120
-1.559765191601855e-120
-7.798825958009276e-121
-3.899412979004638e-121
-1.949706489502319e-121
-9.748532447511595e-122
-4.874266223755797e-122
-2.4371331118778987e-122
-1.2185665559389493e-122
-6.092832779694747e-123
-3.046416389847373e-123
-1.5232081949236867e-123
-7.616040974618433e-124
-3.808020487309217e-124
-1.9040102436546083e-124
-9.520051218273042e-125
-4.760025609136521e-125
-2.3800128045682604e-125
-1.1900064022841302e-125
-5.950032011420651e-126
-2.9750160057103255e-126
-1.4875080028551628e-126
-7.437540014275814e-127
-3.718770007137907e-127
-1.8593850035689535e-127
-9.296925017844767e-128
-4.648462508922384e-128
-2.324231254461192e-128
-1.162115627230596e-128
-5.81057813615298e-129
-2.90528906807649e-129
-1.452644534038245e-129
-7.263222670191224e-130
-3.631611335095612e-130
-1.815805667547806e-130
-9.07902833773903e-131
-4.539514168869515e-131
-2.2697570844347576e-131
-1.1348785422173788e-131
-5.674392711086894e-132
-2.837196355543447e-132
-1.4185981777717235e-132
-7.092990888858618e-133
-3.546495444429309e-133
-1.7732477222146544e-133
-8.866238611073272e-134
-4.433119305536636e-134
-2.216559652768318e-134
-1.108279826384159e-134
-5.541399131920795e-135
-2.7706995659603975e-135
-1.3853497829801987e-135
-6.926748914900994e-136
-3.463374457450497e-136
-1.7316872287252484e-136
-8.658436143626242e-137
-4.329218071813121e-137
-2.1646090359065605e-137
-1.0823045179532803e-137
-5.411522589766401e-138
-2.7057612948832007e-138
-1.3528806474416003e-138
-6.764403237208002e-139
-3.382201618604001e-139
-1.6911008093020004e-139
-8.455504046510002e-140
-4.227752023255001e-140
-2.1138760116275005e-140
-1.0569380058137503e-140
-5.284690029068751e-141
-2.6423450145343757e-141
-1.3211725072671878e-141
-6.605862536335939e-142
-3.3029312681679696e-142
-1.6514656340839848e-142
-8.257328170419924e-143
-4.128664085209962e-143
-2.064332042604981e-143
-1.0321660213024905e-143
-5.160830106512452e-144
-2.580415053256226e-144
-1.290207526628113e-144
-6.451037633140566e-145
-3.225518816570283e-145
-1.6127594082851414e-145
-8.063797041425707e-146
-4.0318985207128535e-146
-2.0159492603564267e-146
-1.0079746301782134e-146
-5.039873150891067e-147
-2.5199365754455334e-147
-1.2599682877227667e-147
-6.299841438613834e-148
-3.149920719306917e-148
-1.5749603596534584e-148
-7.874801798267292e-149
-3.937400899133646e-149
-1.968700449566823e-149
-9.843502247834115e-150
-4.921751123917057e-150
-2.460875561958529e-150
-1.2304377809792644e-150
-6.152188904896322e-151
-3.076094452448161e-151
-1.5380472262240805e-151
-7.690236131120402e-152
-3.845118065560201e-152
-1.9225590327801006e-152
-9.612795163900503e-153
-4.806397581950251e-153
-2.4031987909751257e-153
-1.2015993954875629e-153
-6.007996977437814e-154
-3.003998488718907e-154
-1.5019992443594536e-154
-7.509996221797268e-155
-3.754998110898635e-155
-1.877499055449316e-155
-9.387495277246612e-156
-4.693747638623253e-156
-2.346873819311482e-156
-1.173436909655919e-156
-5.867184548284898e-157
-2.9335922741451386e-157
-1.466796137097656e-157
-7.333980685654062e-158
-3.66699034223362e-158
-1.833495172752943e-158
-9.167475804098404e-159
-4.583737812549737e-159
-2.2918691088588725e-159
-1.145934588838884e-159
-5.729678849667976e-160
-2.8648428937208616e-160
-1.432448207651633e-160
-7.162426885077529e-161
-3.580629859759827e-161
-1.793751421228821e-161
-8.98587434428212e-162
-4.449322615516162e-162
-2.2284778474401826e-162
-1.1200098483011133e-162
0.0
