-3.8087760280739045
-0.17557604024986012
-0.01630464232083959
-0.003987315445886372
-0.0009917799535951435
-0.0002476363784427203
-6.188991189159556e-05
-1.5471280688016014e-05
-3.8677453672006665e-06
-9.669316668982455e-07
-2.4173262454941386e-07
-6.043313787650393e-08
-1.5108283327824418e-08
-3.777070760624779e-09
-9.44267685697987e-10
-2.360669211458589e-10
-5.901673026904986e-11
-1.475418256617403e-11
-3.688545641475481e-12
-9.221364103646184e-13
-2.3053410259088894e-13
-5.763352564770565e-14
-1.4408381411925368e-14
-3.602095352981278e-15
-9.005238382453152e-16
-2.2513095956132855e-16
-5.628273989033212e-17
-1.4070684972583025e-17
-3.517671243145756e-18
-8.79417810786439e-19
-2.1985445269660977e-19
-5.496361317415244e-20
-1.374090329353811e-20
-3.4352258233845276e-21
-8.588064558461319e-22
-2.1470161396153297e-22
-5.367540349038324e-23
-1.341885087259581e-23
-3.354712718148953e-24
-8.386781795372382e-25
-2.0966954488430955e-25
-5.241738622107739e-26
-1.3104346555269347e-26
-3.276086638817337e-27
-8.190216597043342e-28
-2.0475541492608354e-28
-5.118885373152089e-29
-1.279721343288022e-29
-3.199303358220055e-30
-7.998258395550138e-31
-1.9995645988875346e-31
-4.998911497218836e-32
-1.249727874304709e-32
-3.124319685761773e-33
-7.810799214404432e-34
-1.952699803601108e-34
-4.88174950900277e-35
-1.2204373772506925e-35
-3.051093443126731e-36
-7.627733607816828e-37
-1.906933401954207e-37
-4.767333504885518e-38
-1.1918333762213794e-38
-2.9795834405534485e-39
-7.448958601383621e-40
-1.8622396503459053e-40
-4.655599125864763e-41
-1.1638997814661908e-41
-2.909749453665477e-42
-7.274373634163693e-43
-1.818593408540923e-43
-4.546483521352308e-44
-1.136620880338077e-44
-2.8415522008451924e-45
-7.103880502112981e-46
-1.7759701255282452e-46
-4.439925313820613e-47
-1.1099813284551533e-47
-2.774953321137883e-48
-6.937383302844708e-49
-1.734345825711177e-49
-4.3358645642779425e-50
-1.0839661410694856e-50
-2.709915352673714e-51
-6.774788381684285e-52
-1.6936970954210713e-52
-4.234242738552678e-53
-1.0585606846381696e-53
-2.646401711595424e-54
-6.61600427898856e-55
-1.65400106974714e-55
-4.13500267436785e-56
-1.0337506685919625e-56
-2.584376671479906e-57
-6.460941678699765e-58
-1.6152354196749413e-58
-4.038088549187353e-59
-1.0095221372968383e-59
-2.523805343242096e-60
-6.30951335810524e-61
-1.57737833952631e-61
-3.943445848815775e-62
-9.858614622039437e-63
-2.464653655509859e-63
-6.161634138774648e-64
-1.540408534693662e-64
-3.851021336734155e-65
-9.627553341835388e-66
-2.406888335458847e-66
-6.017220838647117e-67
-1.5043052096617793e-67
-3.760763024154448e-68
-9.40190756038612e-69
-2.35047689009653e-69
-5.876192225241325e-70
-1.4690480563103314e-70
-3.672620140775828e-71
-9.18155035193957e-72
-2.2953875879848927e-72
-5.738468969962232e-73
-1.434617242490558e-73
-3.586543106226395e-74
-8.966357765565987e-75
-2.241589441391497e-75
-5.603973603478742e-76
-1.4009934008696855e-76
-3.502483502174214e-77
-8.756208755435534e-78
-2.1890521888588836e-78
-5.472630472147209e-79
-1.3681576180368023e-79
-3.420394045092006e-80
-8.550985112730014e-81
-2.1377462781825035e-81
-5.344365695456259e-82
-1.3360914238640647e-82
-3.340228559660162e-83
-8.350571399150404e-84
-2.087642849787601e-84
-5.219107124469003e-85
-1.3047767811172507e-85
-3.261941952793127e-86
-8.154854881982817e-87
-2.038713720495704e-87
-5.09678430123926e-88
-1.274196075309815e-88
-3.185490188274538e-89
-7.963725470686345e-90
-1.990931367671586e-90
-4.977328419178965e-91
-1.2443321047947413e-91
-3.110830261986853e-92
-7.777075654967133e-93
-1.9442689137417833e-93
-4.860672284354458e-94
-1.2151680710886146e-94
-3.0379201777215365e-95
-7.594800444303841e-96
-1.8987001110759603e-96
-4.746750277689901e-97
-1.1866875694224752e-97
-2.966718923556188e-98
-7.41679730889047e-99
-1.8541993272226175e-99
-4.635498318056544e-100
-1.158874579514136e-100
-2.89718644878534e-101
-7.24296612196335e-102
-1.8107415304908374e-102
-4.526853826227093e-103
-1.1317134565567734e-103
-2.8292836413919334e-104
-7.073209103479833e-105
-1.7683022758699584e-105
-4.420755689674896e-106
-1.105188922418724e-106
-2.76297230604681e-107
-6.907430765117025e-108
-1.7268576912792562e-108
-4.317144228198141e-109
-1.0792860570495351e-109
-2.698215142623838e-110
-6.745537856559595e-111
-1.6863844641398987e-111
-4.215961160349747e-112
-1.0539902900874367e-112
-2.6349757252185916e-113
-6.587439313046479e-114
-1.6468598282616198e-114
-4.117149570654049e-115
-1.0292873926635124e-115
-2.573218481658781e-116
-6.433046204146952e-117
-1.608261551036738e-117
-4.020653877591845e-118
-1.0051634693979613e-118
-2.512908673494903e-119
-6.282271683737258e-120
-1.5705679209343145e-120
-3.926419802335786e-121
-9.816049505839466e-122
-2.4540123764598664e-122
-6.135030941149666e-123
-1.5337577352874165e-123
-3.834394338218541e-124
-9.585985845546353e-125
-2.3964964613865883e-125
-5.991241153466471e-126
-1.4978102883666177e-126
-3.744525720916544e-127
-9.36131430229136e-128
-2.34032857557284e-128
-5.8508214389321e-129
-1.462705359733025e-129
-3.656763399332563e-130
-9.141908498331407e-131
-2.2854771245828517e-131
-5.713692811457129e-132
-1.4284232028642823e-132
-3.571058007160706e-133
-8.927645017901764e-134
-2.231911254475441e-134
-5.579778136188603e-135
-1.3949445340471507e-135
-3.487361335117877e-136
-8.718403337794692e-137
-2.179600834448673e-137
-5.449002086121682e-138
-1.3622505215304206e-138
-3.4056263038260515e-139
-8.514065759565129e-140
-2.128516439891282e-140
-5.321291099728205e-141
-1.3303227749320514e-141
-3.3258069373301284e-142
-8.314517343325321e-143
-2.0786293358313303e-143
-5.196573339578326e-144
-1.2991433348945814e-144
-3.2478583372364535e-145
-8.119645843091134e-146
-2.0299114607727835e-146
-5.074778651931959e-147
-1.2686946629829897e-147
-3.171736657457474e-148
-7.929341643643685e-149
-1.9823354109109214e-149
-4.955838527277303e-150
-1.2389596318193258e-150
-3.0973990795483146e-151
-7.743497698870787e-152
-1.9358744247176966e-152
-4.839686061794242e-153
-1.2099215154485604e-153
-3.024803788621401e-154
-7.562009471553502e-155
-1.8905023678883756e-155
-4.726255919720939e-156
-1.1815639799302348e-156
-2.953909949825587e-157
-7.384774874563967e-158
-1.846193718640992e-158
-4.61548429660248e-159
-1.15387107415062e-159
-2.88467768537655e-160
-7.211694213441374e-161
-1.8029235533603436e-161
-4.507308883400859e-162
-1.1268272208502147e-162
-2.817068052125537e-163
-7.042670130313842e-164
-1.7606675325784605e-164
-4.401668831446151e-165
-1.1004172078615378e-165
-2.7510430196538446e-166
-6.877607549134611e-167
-1.719401887283653e-167
-4.298504718209132e-168
-1.074626179552283e-168
-2.6865654488807076e-169
-6.716413622201769e-170
-1.6791034055504422e-170
-4.197758513876106e-171
-1.0494396284690264e-171
-2.623599071172566e-172
-6.558997677931415e-173
-1.6397494194828537e-173
-4.099373548707134e-174
-1.0248433871767836e-174
-2.562108467941959e-175
-6.405271169854897e-176
-1.6013177924637244e-176
-4.003294481159311e-177
-1.0008236202898277e-177
-2.5020590507245693e-178
-6.255147626811423e-179
-1.5637869067028558e-179
-3.9094672667571396e-180
-9.773668166892849e-181
-2.443417041723212e-181
-6.10854260430803e-182
-1.5271356510770076e-182
-3.817839127692519e-183
-9.544597819231298e-184
-2.3861494548078244e-184
-5.965373637019561e-185
-1.4913434092548903e-185
-3.728358523137226e-186
-9.320896307843064e-187
-2.330224076960766e-187
-5.825560192401915e-188
-1.4563900481004788e-188
-3.640975120251197e-189
-9.102437800627992e-190
-2.275609450156998e-190
-5.689023625392495e-191
-1.4222559063481238e-191
-3.5556397658703095e-192
-8.889099414675774e-193
-2.2222748536689435e-193
-5.555687134172359e-194
-1.3889217835430897e-194
-3.472304458857724e-195
-8.68076114714431e-196
-2.1701902867860776e-196
-5.425475716965194e-197
-1.3563689292412985e-197
-3.390922323103246e-198
-8.477305807758116e-199
-2.119326451939529e-199
-5.298316129848822e-200
-1.3245790324622056e-200
-3.311447581155514e-201
-8.278618952888785e-202
-2.069654738222196e-202
-5.17413684555549e-203
-1.2935342113888726e-203
-3.2338355284721815e-204
-8.084588821180454e-205
-2.0211472052951135e-205
-5.052868013237784e-206
-1.263217003309446e-206
-3.158042508273615e-207
-7.895106270684037e-208
-1.9737765676710092e-208
-4.934441419177523e-209
-1.2336103547943808e-209
-3.084025886985952e-210
-7.71006471746488e-211
-1.92751617936622e-211
-4.81879044841555e-212
-1.2046976121038875e-212
-3.011744030259719e-213
-7.529360075649297e-214
-1.882340018912324e-214
-4.70585004728081e-215
-1.1764625118202026e-215
-2.9411562795505065e-216
-7.352890698876266e-217
-1.8382226747190666e-217
-4.595556686797666e-218
-1.1488891716994166e-218
-2.8722229292485415e-219
-7.180557323121354e-220
-1.7951393307803385e-220
-4.487848326950846e-221
-1.1219620817377115e-221
-2.804905204344279e-222
-7.012263010860697e-223
-1.7530657527151743e-223
-4.382664381787936e-224
-1.095666095446984e-224
-2.73916523861746e-225
-6.84791309654365e-226
-1.7119782741359124e-226
-4.279945685339781e-227
-1.0699864213349452e-227
-2.674966053337363e-228
-6.687415133343408e-229
-1.671853783335852e-229
-4.17963445833963e-230
-1.0449086145849075e-230
-2.6122715364622687e-231
-6.530678841155672e-232
-1.632669710288918e-232
-4.081674275722295e-233
-1.0204185689305737e-233
-2.551046422326434e-234
-6.377616055816086e-235
-1.5944040139540214e-235
-3.9860100348850535e-236
-9.965025087212634e-237
-2.4912562718031584e-237
-6.228140679507896e-238
-1.557035169876974e-238
-3.892587924692435e-239
-9.731469811731088e-240
-2.432867452932772e-240
-6.08216863233193e-241
-1.5205421580829824e-241
-3.801355395207456e-242
-9.50338848801864e-243
-2.37584712200466e-243
-5.93961780501165e-244
-1.4849044512529125e-244
-3.712261128132281e-245
-9.280652820330703e-246
-2.320163205082676e-246
-5.80040801270669e-247
-1.4501020031766724e-247
-3.625255007941681e-248
-9.063137519854202e-249
-2.2657843799635506e-249
-5.664460949908877e-250
-1.416115237477219e-250
-3.540288093693048e-251
-8.85072023423262e-252
-2.212680058558155e-252
-5.531700146395387e-253
-1.3829250365988468e-253
-3.457312591497117e-254
-8.643281478742793e-255
-2.160820369685698e-255
-5.402050924214245e-256
-1.3505127310535613e-256
-3.376281827633903e-257
-8.440704569084758e-258
-2.1101761422711896e-258
-5.275440355677974e-259
-1.3188600889194935e-259
-3.297150222298734e-260
-8.242875555746834e-261
-2.0607188889367086e-261
-5.151797222341771e-262
-1.287949305585443e-262
-3.219873263963607e-263
-8.049683159909018e-264
-2.0124207899772545e-264
-5.031051974943136e-265
-1.257762993735784e-265
-3.14440748433946e-266
-7.86101871084865e-267
-1.9652546777121626e-267
-4.913136694280406e-268
-1.2282841735701016e-268
-3.070710433925254e-269
-7.676776084813135e-270
-1.9191940212032838e-270
-4.797985053008209e-271
-1.1994962632520524e-271
-2.998740658130131e-272
-7.496851645325327e-273
-1.874212911331332e-273
-4.68553227832833e-274
-1.1713830695820824e-274
-2.928457673955206e-275
-7.321144184888015e-276
-1.8302860462220037e-276
-4.575715115555009e-277
-1.1439287788887523e-277
-2.859821947221881e-278
-7.149554868054702e-279
-1.7873887170136755e-279
-4.468471792534189e-280
-1.1171179481335472e-280
-2.792794870333868e-281
-6.98198717583467e-282
-1.7454967939586675e-282
-4.363741984896669e-283
-1.0909354962241672e-283
-2.727338740560418e-284
-6.818346851401045e-285
-1.7045867128502612e-285
-4.261466782125653e-286
-1.0653666955314133e-286
-2.663416738828533e-287
-6.658541847071333e-288
-1.6646354617678332e-288
-4.161588654419583e-289
-1.0403971636048958e-289
-2.6009929090122394e-290
-6.502482272530599e-291
-1.6256205681326496e-291
-4.064051420331624e-292
-1.016012855082906e-292
-2.540032137707265e-293
-6.350080344268163e-294
-1.5875200860670407e-294
-3.968800215167602e-295
-9.922000537919004e-296
-2.480500134479751e-296
-6.201250336199378e-297
-1.5503125840498444e-297
-3.875781460124611e-298
-9.689453650311527e-299
-2.422363412577882e-299
-6.055908531444705e-300
-1.513977132861176e-300
-3.78494283215294e-301
-9.46235708038235e-302
-2.365589270095588e-302
-5.91397317523897e-303
-1.4784932938097423e-303
-3.696233234524356e-304
-9.24058308631089e-305
-2.3101457715777224e-305
-5.775364428944306e-306
-1.4438411072360765e-306
-3.609602768090191e-307
-9.024006920225478e-308
-2.2560017300563695e-308
-5.640004325140925e-309
-1.41000108128523e-309
-3.5250027032131e-310
-8.8125067580326e-311
-2.203126689508e-311
-5.50781672377e-312
-1.376954180944e-312
-3.44238545236e-313
-8.605963631e-314
-2.151490908e-314
-5.37872727e-315
-1.34468182e-315
-3.3617045e-316
-8.404261e-317
-2.1010655e-317
-5.252664e-318
-1.313167e-318
-3.2829e-319
-8.2074e-320
-2.052e-320
-5.13e-321
-1.285e-321
-3.2e-322
-8e-323
-2e-323
-5e-324
0.0
0.0
-3.8087760280739045
-0.17557604024986012
-0.01630464232083959
-0.003987315445886372
-0.0009917799535951435
-0.0002476363784427203
-6.188991189159556e-05
-1.5471280688016014e-05
-3.8677453672006665e-06
-9.669316668982455e-07
-2.4173262454941386e-07
-6.043313787650393e-08
-1.5108283327824418e-08
-3.777070760624779e-09
-9.44267685697987e-10
-2.360669211458589e-10
-5.901673026904986e-11
-1.475418256617403e-11
-3.688545641475481e-12
-9.221364103646184e-13
-2.3053410259088894e-13
-5.763352564770565e-14
-1.4408381411925368e-14
-3.602095352981278e-15
-9.005238382453152e-16
-2.2513095956132855e-16
-5.628273989033212e-17
-1.4070684972583025e-17
-3.517671243145756e-18
-8.79417810786439e-19
-2.1985445269660977e-19
-5.496361317415244e-20
-1.374090329353811e-20
-3.4352258233845276e-21
-8.588064558461319e-22
-2.1470161396153297e-22
-5.367540349038324e-23
-1.341885087259581e-23
-3.354712718148953e-24
-8.386781795372382e-25
-2.0966954488430955e-25
-5.241738622107739e-26
-1.3104346555269347e-26
-3.276086638817337e-27
-8.190216597043342e-28
-2.0475541492608354e-28
-5.118885373152089e-29
-1.279721343288022e-29
-3.199303358220055e-30
-7.998258395550138e-31
-1.9995645988875346e-31
-4.998911497218836e-32
-1.249727874304709e-32
-3.124319685761773e-33
-7.810799214404432e-34
-1.952699803601108e-34
-4.88174950900277e-35
-1.2204373772506925e-35
-3.051093443126731e-36
-7.627733607816828e-37
-1.906933401954207e-37
-4.767333504885518e-38
-1.1918333762213794e-38
-2.9795834405534485e-39
-7.448958601383621e-40
-1.8622396503459053e-40
-4.655599125864763e-41
-1.1638997814661908e-41
-2.909749453665477e-42
-7.274373634163693e-43
-1.818593408540923e-43
-4.546483521352308e-44
-1.136620880338077e-44
-2.8415522008451924e-45
-7.103880502112981e-46
-1.7759701255282452e-46
-4.439925313820613e-47
-1.1099813284551533e-47
-2.774953321137883e-48
-6.937383302844708e-49
-1.734345825711177e-49
-4.3358645642779425e-50
-1.0839661410694856e-50
-2.709915352673714e-51
-6.774788381684285e-52
-1.6936970954210713e-52
-4.234242738552678e-53
-1.0585606846381696e-53
-2.646401711595424e-54
-6.61600427898856e-55
-1.65400106974714e-55
-4.13500267436785e-56
-1.0337506685919625e-56
-2.584376671479906e-57
-6.460941678699765e-58
-1.6152354196749413e-58
-4.038088549187353e-59
-1.0095221372968383e-59
-2.523805343242096e-60
-6.30951335810524e-61
-1.57737833952631e-61
-3.943445848815775e-62
-9.858614622039437e-63
-2.464653655509859e-63
-6.161634138774648e-64
-1.540408534693662e-64
-3.851021336734155e-65
-9.627553341835388e-66
-2.406888335458847e-66
-6.017220838647117e-67
-1.5043052096617793e-67
-3.760763024154448e-68
-9.40190756038612e-69
-2.35047689009653e-69
-5.876192225241325e-70
-1.4690480563103314e-70
-3.672620140775828e-71
-9.18155035193957e-72
-2.2953875879848927e-72
-5.738468969962232e-73
-1.434617242490558e-73
-3.586543106226395e-74
-8.966357765565987e-75
-2.241589441391497e-75
-5.603973603478742e-76
-1.4009934008696855e-76
-3.502483502174214e-77
-8.756208755435534e-78
-2.1890521888588836e-78
-5.472630472147209e-79
-1.3681576180368023e-79
-3.420394045092006e-80
-8.550985112730014e-81
-2.1377462781825035e-81
-5.344365695456259e-82
-1.3360914238640647e-82
-3.340228559660162e-83
-8.350571399150404e-84
-2.087642849787601e-84
-5.219107124469003e-85
-1.3047767811172507e-85
-3.261941952793127e-86
-8.154854881982817e-87
-2.038713720495704e-87
-5.09678430123926e-88
-1.274196075309815e-88
-3.185490188274538e-89
-7.963725470686345e-90
-1.990931367671586e-90
-4.977328419178965e-91
-1.2443321047947413e-91
-3.110830261986853e-92
-7.777075654967133e-93
-1.9442689137417833e-93
-4.860672284354458e-94
-1.2151680710886146e-94
-3.0379201777215365e-95
-7.594800444303841e-96
-1.8987001110759603e-96
-4.746750277689901e-97
-1.1866875694224752e-97
-2.966718923556188e-98
-7.41679730889047e-99
-1.8541993272226175e-99
-4.635498318056544e-100
-1.158874579514136e-100
-2.89718644878534e-101
-7.24296612196335e-102
-1.8107415304908374e-102
-4.526853826227093e-103
-1.1317134565567734e-103
-2.8292836413919334e-104
-7.073209103479833e-105
-1.7683022758699584e-105
-4.420755689674896e-106
-1.105188922418724e-106
-2.76297230604681e-107
-6.907430765117025e-108
-1.7268576912792562e-108
-4.317144228198141e-109
-1.0792860570495351e-109
-2.698215142623838e-110
-6.745537856559595e-111
-1.6863844641398987e-111
-4.215961160349747e-112
-1.0539902900874367e-112
-2.6349757252185916e-113
-6.587439313046479e-114
-1.6468598282616198e-114
-4.117149570654049e-115
-1.0292873926635124e-115
-2.573218481658781e-116
-6.433046204146952e-117
-1.608261551036738e-117
-4.020653877591845e-118
-1.0051634693979613e-118
-2.512908673494903e-119
-6.282271683737258e-120
-1.5705679209343145e-120
-3.926419802335786e-121
-9.816049505839466e-122
-2.4540123764598664e-122
-6.135030941149666e-123
-1.5337577352874165e-123
-3.834394338218541e-124
-9.585985845546353e-125
-2.3964964613865883e-125
-5.991241153466471e-126
-1.4978102883666177e-126
-3.744525720916544e-127
-9.36131430229136e-128
-2.34032857557284e-128
-5.8508214389321e-129
-1.462705359733025e-129
-3.656763399332563e-130
-9.141908498331407e-131
-2.2854771245828517e-131
-5.713692811457129e-132
-1.4284232028642823e-132
-3.571058007160706e-133
-8.927645017901764e-134
-2.231911254475441e-134
-5.579778136188603e-135
-1.3949445340471507e-135
-3.487361335117877e-136
-8.718403337794692e-137
-2.179600834448673e-137
-5.449002086121682e-138
-1.3622505215304206e-138
-3.4056263038260515e-139
-8.514065759565129e-140
-2.128516439891282e-140
-5.321291099728205e-141
-1.3303227749320514e-141
-3.3258069373301284e-142
-8.314517343325321e-143
-2.0786293358313303e-143
-5.196573339578326e-144
-1.2991433348945814e-144
-3.2478583372364535e-145
-8.119645843091134e-146
-2.0299114607727835e-146
-5.074778651931959e-147
-1.2686946629829897e-147
-3.171736657457474e-148
-7.929341643643685e-149
-1.9823354109109214e-149
-4.955838527277303e-150
-1.2389596318193258e-150
-3.0973990795483146e-151
-7.743497698870787e-152
-1.9358744247176966e-152
-4.839686061794242e-153
-1.2099215154485604e-153
-3.024803788621401e-154
-7.562009471553502e-155
-1.8905023678883756e-155
-4.726255919720939e-156
-1.1815639799302348e-156
-2.953909949825587e-157
-7.384774874563967e-158
-1.846193718640992e-158
-4.61548429660248e-159
-1.15387107415062e-159
-2.88467768537655e-160
-7.211694213441374e-161
-1.8029235533603436e-161
-4.507308883400859e-162
-1.1268272208502147e-162
-2.817068052125537e-163
-7.042670130313842e-164
-1.7606675325784605e-164
-4.401668831446151e-165
-1.1004172078615378e-165
-2.7510430196538446e-166
-6.877607549134611e-167
-1.719401887283653e-167
-4.298504718209132e-168
-1.074626179552283e-168
-2.6865654488807076e-169
-6.716413622201769e-170
-1.6791034055504422e-170
-4.197758513876106e-171
-1.0494396284690264e-171
-2.623599071172566e-172
-6.558997677931415e-173
-1.6397494194828537e-173
-4.099373548707134e-174
-1.0248433871767836e-174
-2.562108467941959e-175
-6.405271169854897e-176
-1.6013177924637244e-176
-4.003294481159311e-177
-1.0008236202898277e-177
-2.5020590507245693e-178
-6.255147626811423e-179
-1.5637869067028558e-179
-3.9094672667571396e-180
-9.773668166892849e-181
-2.443417041723212e-181
-6.10854260430803e-182
-1.5271356510770076e-182
-3.817839127692519e-183
-9.544597819231298e-184
-2.3861494548078244e-184
-5.965373637019561e-185
-1.4913434092548903e-185
-3.728358523137226e-186
-9.320896307843064e-187
-2.330224076960766e-187
-5.825560192401915e-188
-1.4563900481004788e-188
-3.640975120251197e-189
-9.102437800627992e-190
-2.275609450156998e-190
-5.689023625392495e-191
-1.4222559063481238e-191
-3.5556397658703095e-192
-8.889099414675774e-193
-2.2222748536689435e-193
-5.555687134172359e-194
-1.3889217835430897e-194
-3.472304458857724e-195
-8.68076114714431e-196
-2.1701902867860776e-196
-5.425475716965194e-197
-1.3563689292412985e-197
-3.390922323103246e-198
-8.477305807758116e-199
-2.119326451939529e-199
-5.298316129848822e-200
-1.3245790324622056e-200
-3.311447581155514e-201
-8.278618952888785e-202
-2.069654738222196e-202
-5.17413684555549e-203
-1.2935342113888726e-203
-3.2338355284721815e-204
-8.084588821180454e-205
-2.0211472052951135e-205
-5.052868013237784e-206
-1.263217003309446e-206
-3.158042508273615e-207
-7.895106270684037e-208
-1.9737765676710092e-208
-4.934441419177523e-209
-1.2336103547943808e-209
-3.084025886985952e-210
-7.71006471746488e-211
-1.92751617936622e-211
-4.81879044841555e-212
-1.2046976121038875e-212
-3.011744030259719e-213
-7.529360075649297e-214
-1.882340018912324e-214
-4.70585004728081e-215
-1.1764625118202026e-215
-2.9411562795505065e-216
-7.352890698876266e-217
-1.8382226747190666e-217
-4.595556686797666e-218
-1.1488891716994166e-218
-2.8722229292485415e-219
-7.180557323121354e-220
-1.7951393307803385e-220
-4.487848326950846e-221
-1.1219620817377115e-221
-2.804905204344279e-222
-7.012263010860697e-223
-1.7530657527151743e-223
-4.382664381787936e-224
-1.095666095446984e-224
-2.73916523861746e-225
-6.84791309654365e-226
-1.7119782741359124e-226
-4.279945685339781e-227
-1.0699864213349452e-227
-2.674966053337363e-228
-6.687415133343408e-229
-1.671853783335852e-229
-4.17963445833963e-230
-1.0449086145849075e-230
-2.6122715364622687e-231
-6.530678841155672e-232
-1.632669710288918e-232
-4.081674275722295e-233
-1.0204185689305737e-233
-2.551046422326434e-234
-6.377616055816086e-235
-1.5944040139540214e-235
-3.9860100348850535e-236
-9.965025087212634e-237
-2.4912562718031584e-237
-6.228140679507896e-238
-1.557035169876974e-238
-3.892587924692435e-239
-9.731469811731088e-240
-2.432867452932772e-240
-6.08216863233193e-241
-1.5205421580829824e-241
-3.801355395207456e-242
-9.50338848801864e-243
-2.37584712200466e-243
-5.93961780501165e-244
-1.4849044512529125e-244
-3.712261128132281e-245
-9.280652820330703e-246
-2.320163205082676e-246
-5.80040801270669e-247
-1.4501020031766724e-247
-3.625255007941681e-248
-9.063137519854202e-249
-2.2657843799635506e-249
-5.664460949908877e-250
-1.416115237477219e-250
-3.540288093693048e-251
-8.85072023423262e-252
-2.212680058558155e-252
-5.531700146395387e-253
-1.3829250365988468e-253
-3.457312591497117e-254
-8.643281478742793e-255
-2.160820369685698e-255
-5.402050924214245e-256
-1.3505127310535613e-256
-3.376281827633903e-257
-8.440704569084758e-258
-2.1101761422711896e-258
-5.275440355677974e-259
-1.3188600889194935e-259
-3.297150222298734e-260
-8.242875555746834e-261
-2.0607188889367086e-261
-5.151797222341771e-262
-1.287949305585443e-262
-3.219873263963607e-263
-8.049683159909018e-264
-2.0124207899772545e-264
-5.031051974943136e-265
-1.257762993735784e-265
-3.14440748433946e-266
-7.86101871084865e-267
-1.9652546777121626e-267
-4.913136694280406e-268
-1.2282841735701016e-268
-3.070710433925254e-269
-7.676776084813135e-270
-1.9191940212032838e-270
-4.797985053008209e-271
-1.1994962632520524e-271
-2.998740658130131e-272
-7.496851645325327e-273
-1.874212911331332e-273
-4.68553227832833e-274
-1.1713830695820824e-274
-2.928457673955206e-275
-7.321144184888015e-276
-1.8302860462220037e-276
-4.575715115555009e-277
-1.1439287788887523e-277
-2.859821947221881e-278
-7.149554868054702e-279
-1.7873887170136755e-279
-4.468471792534189e-280
-1.1171179481335472e-280
-2.792794870333868e-281
-6.98198717583467e-282
-1.7454967939586675e-282
-4.363741984896669e-283
-1.0909354962241672e-283
-2.727338740560418e-284
-6.818346851401045e-285
-1.7045867128502612e-285
-4.261466782125653e-286
-1.0653666955314133e-286
-2.663416738828533e-287
-6.658541847071333e-288
-1.6646354617678332e-288
-4.161588654419583e-289
-1.0403971636048958e-289
-2.6009929090122394e-290
-6.502482272530599e-291
-1.6256205681326496e-291
-4.064051420331624e-292
-1.016012855082906e-292
-2.540032137707265e-293
-6.350080344268163e-294
-1.5875200860670407e-294
-3.968800215167602e-295
-9.922000537919004e-296
-2.480500134479751e-296
-6.201250336199378e-297
-1.5503125840498444e-297
-3.875781460124611e-298
-9.689453650311527e-299
-2.422363412577882e-299
-6.055908531444705e-300
-1.513977132861176e-300
-3.78494283215294e-301
-9.46235708038235e-302
-2.365589270095588e-302
-5.91397317523897e-303
-1.4784932938097423e-303
-3.696233234524356e-304
-9.24058308631089e-305
-2.3101457715777224e-305
-5.775364428944306e-306
-1.4438411072360765e-306
-3.609602768090191e-307
-9.024006920225478e-308
-2.2560017300563695e-308
-5.640004325140925e-309
-1.41000108128523e-309
-3.5250027032131e-310
-8.8125067580326e-311
-2.203126689508e-311
-5.50781672377e-312
-1.376954180944e-312
-3.44238545236e-313
-8.605963631e-314
-2.151490908e-314
-5.37872727e-315
-1.34468182e-315
-3.3617045e-316
-8.404261e-317
-2.1010655e-317
-5.252664e-318
-1.313167e-318
-3.2829e-319
-8.2074e-320
-2.052e-320
-5.13e-321
-1.285e-321
-3.2e-322
-8e-323
-2e-323
-5e-324
0.0
0.0
-3.8087760280739045
-0.17557604024986012
-0.01630464232083959
-0.003987315445886372
-0.0009917799535951435
-0.0002476363784427203
-6.188991189159556e-05
-1.5471280688016014e-05
-3.8677453672006665e-06
-9.669316668982455e-07
-2.4173262454941386e-07
-6.043313787650393e-08
-1.5108283327824418e-08
-3.777070760624779e-09
-9.44267685697987e-10
-2.360669211458589e-10
-5.901673026904986e-11
-1.475418256617403e-11
-3.688545641475481e-12
-9.221364103646184e-13
-2.3053410259088894e-13
-5.763352564770565e-14
-1.4408381411925368e-14
-3.602095352981278e-15
-9.005238382453152e-16
-2.2513095956132855e-16
-5.628273989033212e-17
-1.4070684972583025e-17
-3.517671243145756e-18
-8.79417810786439e-19
-2.1985445269660977e-19
-5.496361317415244e-20
-1.374090329353811e-20
-3.4352258233845276e-21
-8.588064558461319e-22
-2.1470161396153297e-22
-5.367540349038324e-23
-1.341885087259581e-23
-3.354712718148953e-24
-8.386781795372382e-25
-2.0966954488430955e-25
-5.241738622107739e-26
-1.3104346555269347e-26
-3.276086638817337e-27
-8.190216597043342e-28
-2.0475541492608354e-28
-5.118885373152089e-29
-1.279721343288022e-29
-3.199303358220055e-30
-7.998258395550138e-31
-1.9995645988875346e-31
-4.998911497218836e-32
-1.249727874304709e-32
-3.124319685761773e-33
-7.810799214404432e-34
-1.952699803601108e-34
-4.88174950900277e-35
-1.2204373772506925e-35
-3.051093443126731e-36
-7.627733607816828e-37
-1.906933401954207e-37
-4.767333504885518e-38
-1.1918333762213794e-38
-2.9795834405534485e-39
-7.448958601383621e-40
-1.8622396503459053e-40
-4.655599125864763e-41
-1.1638997814661908e-41
-2.909749453665477e-42
-7.274373634163693e-43
-1.818593408540923e-43
-4.546483521352308e-44
-1.136620880338077e-44
-2.8415522008451924e-45
-7.103880502112981e-46
-1.7759701255282452e-46
-4.439925313820613e-47
-1.1099813284551533e-47
-2.774953321137883e-48
-6.937383302844708e-49
-1.734345825711177e-49
-4.3358645642779425e-50
-1.0839661410694856e-50
-2.709915352673714e-51
-6.774788381684285e-52
-1.6936970954210713e-52
-4.234242738552678e-53
-1.0585606846381696e-53
-2.646401711595424e-54
-6.61600427898856e-55
-1.65400106974714e-55
-4.13500267436785e-56
-1.0337506685919625e-56
-2.584376671479906e-57
-6.460941678699765e-58
-1.6152354196749413e-58
-4.038088549187353e-59
-1.0095221372968383e-59
-2.523805343242096e-60
-6.30951335810524e-61
-1.57737833952631e-61
-3.943445848815775e-62
-9.858614622039437e-63
-2.464653655509859e-63
-6.161634138774648e-64
-1.540408534693662e-64
-3.851021336734155e-65
-9.627553341835388e-66
-2.406888335458847e-66
-6.017220838647117e-67
-1.5043052096617793e-67
-3.760763024154448e-68
-9.40190756038612e-69
-2.35047689009653e-69
-5.876192225241325e-70
-1.4690480563103314e-70
-3.672620140775828e-71
-9.18155035193957e-72
-2.2953875879848927e-72
-5.738468969962232e-73
-1.434617242490558e-73
-3.586543106226395e-74
-8.966357765565987e-75
-2.241589441391497e-75
-5.603973603478742e-76
-1.4009934008696855e-76
-3.502483502174214e-77
-8.756208755435534e-78
-2.1890521888588836e-78
-5.472630472147209e-79
-1.3681576180368023e-79
-3.420394045092006e-80
-8.550985112730014e-81
-2.1377462781825035e-81
-5.344365695456259e-82
-1.3360914238640647e-82
-3.340228559660162e-83
-8.350571399150404e-84
-2.087642849787601e-84
-5.219107124469003e-85
-1.3047767811172507e-85
-3.261941952793127e-86
-8.154854881982817e-87
-2.038713720495704e-87
-5.09678430123926e-88
-1.274196075309815e-88
-3.185490188274538e-89
-7.963725470686345e-90
-1.990931367671586e-90
-4.977328419178965e-91
-1.2443321047947413e-91
-3.110830261986853e-92
-7.777075654967133e-93
-1.9442689137417833e-93
-4.860672284354458e-94
-1.2151680710886146e-94
-3.0379201777215365e-95
-7.594800444303841e-96
-1.8987001110759603e-96
-4.746750277689901e-97
-1.1866875694224752e-97
-2.966718923556188e-98
-7.41679730889047e-99
-1.8541993272226175e-99
-4.635498318056544e-100
-1.158874579514136e-100
-2.89718644878534e-101
-7.24296612196335e-102
-1.8107415304908374e-102
-4.526853826227093e-103
-1.1317134565567734e-103
-2.8292836413919334e-104
-7.073209103479833e-105
-1.7683022758699584e-105
-4.420755689674896e-106
-1.105188922418724e-106
-2.76297230604681e-107
-6.907430765117025e-108
-1.7268576912792562e-108
-4.317144228198141e-109
-1.0792860570495351e-109
-2.698215142623838e-110
-6.745537856559595e-111
-1.6863844641398987e-111
-4.215961160349747e-112
-1.0539902900874367e-112
-2.6349757252185916e-113
-6.587439313046479e-114
-1.6468598282616198e-114
-4.117149570654049e-115
-1.0292873926635124e-115
-2.573218481658781e-116
-6.433046204146952e-117
-1.608261551036738e-117
-4.020653877591845e-118
-1.0051634693979613e-118
-2.512908673494903e-119
-6.282271683737258e-120
-1.5705679209343145e-120
-3.926419802335786e-121
-9.816049505839466e-122
-2.4540123764598664e-122
-6.135030941149666e-123
-1.5337577352874165e-123
-3.834394338218541e-124
-9.585985845546353e-125
-2.3964964613865883e-125
-5.991241153466471e-126
-1.4978102883666177e-126
-3.744525720916544e-127
-9.36131430229136e-128
-2.34032857557284e-128
-5.8508214389321e-129
-1.462705359733025e-129
-3.656763399332563e-130
-9.141908498331407e-131
-2.2854771245828517e-131
-5.713692811457129e-132
-1.4284232028642823e-132
-3.571058007160706e-133
-8.927645017901764e-134
-2.231911254475441e-134
-5.579778136188603e-135
-1.3949445340471507e-135
-3.487361335117877e-136
-8.718403337794692e-137
-2.179600834448673e-137
-5.449002086121682e-138
-1.3622505215304206e-138
-3.4056263038260515e-139
-8.514065759565129e-140
-2.128516439891282e-140
-5.321291099728205e-141
-1.3303227749320514e-141
-3.3258069373301284e-142
-8.314517343325321e-143
-2.0786293358313303e-143
-5.196573339578326e-144
-1.2991433348945814e-144
-3.2478583372364535e-145
-8.119645843091134e-146
-2.0299114607727835e-146
-5.074778651931959e-147
-1.2686946629829897e-147
-3.171736657457474e-148
-7.929341643643685e-149
-1.9823354109109214e-149
-4.955838527277303e-150
-1.2389596318193258e-150
-3.0973990795483146e-151
-7.743497698870787e-152
-1.9358744247176966e-152
-4.839686061794242e-153
-1.2099215154485604e-153
-3.024803788621401e-154
-7.562009471553502e-155
-1.8905023678883756e-155
-4.726255919720939e-156
-1.1815639799302348e-156
-2.953909949825587e-157
-7.384774874563967e-158
-1.846193718640992e-158
-4.61548429660248e-159
-1.15387107415062e-159
-2.88467768537655e-160
-7.211694213441374e-161
-1.8029235533603436e-161
-4.507308883400859e-162
-1.1268272208502147e-162
-2.817068052125537e-163
-7.042670130313842e-164
-1.7606675325784605e-164
-4.401668831446151e-165
-1.1004172078615378e-165
-2.7510430196538446e-166
-6.877607549134611e-167
-1.719401887283653e-167
-4.298504718209132e-168
-1.074626179552283e-168
-2.6865654488807076e-169
-6.716413622201769e-170
-1.6791034055504422e-170
-4.197758513876106e-171
-1.0494396284690264e-171
-2.623599071172566e-172
-6.558997677931415e-173
-1.6397494194828537e-173
-4.099373548707134e-174
-1.0248433871767836e-174
-2.562108467941959e-175
-6.405271169854897e-176
-1.6013177924637244e-176
-4.003294481159311e-177
-1.0008236202898277e-177
-2.5020590507245693e-178
-6.255147626811423e-179
-1.5637869067028558e-179
-3.9094672667571396e-180
-9.773668166892849e-181
-2.443417041723212e-181
-6.10854260430803e-182
-1.5271356510770076e-182
-3.817839127692519e-183
-9.544597819231298e-184
-2.3861494548078244e-184
-5.965373637019561e-185
-1.4913434092548903e-185
-3.728358523137226e-186
-9.320896307843064e-187
-2.330224076960766e-187
-5.825560192401915e-188
-1.4563900481004788e-188
-3.640975120251197e-189
-9.102437800627992e-190
-2.275609450156998e-190
-5.689023625392495e-191
-1.4222559063481238e-191
-3.5556397658703095e-192
-8.889099414675774e-193
-2.2222748536689435e-193
-5.555687134172359e-194
-1.3889217835430897e-194
-3.472304458857724e-195
-8.68076114714431e-196
-2.1701902867860776e-196
-5.425475716965194e-197
-1.3563689292412985e-197
-3.390922323103246e-198
-8.477305807758116e-199
-2.119326451939529e-199
-5.298316129848822e-200
-1.3245790324622056e-200
-3.311447581155514e-201
-8.278618952888785e-202
-2.069654738222196e-202
-5.17413684555549e-203
-1.2935342113888726e-203
-3.2338355284721815e-204
-8.084588821180454e-205
-2.0211472052951135e-205
-5.052868013237784e-206
-1.263217003309446e-206
-3.158042508273615e-207
-7.895106270684037e-208
-1.9737765676710092e-208
-4.934441419177523e-209
-1.2336103547943808e-209
-3.084025886985952e-210
-7.71006471746488e-211
-1.92751617936622e-211
-4.81879044841555e-212
-1.2046976121038875e-212
-3.011744030259719e-213
-7.529360075649297e-214
-1.882340018912324e-214
-4.70585004728081e-215
-1.1764625118202026e-215
-2.9411562795505065e-216
-7.352890698876266e-217
-1.8382226747190666e-217
-4.595556686797666e-218
-1.1488891716994166e-218
-2.8722229292485415e-219
-7.180557323121354e-220
-1.7951393307803385e-220
-4.487848326950846e-221
-1.1219620817377115e-221
-2.804905204344279e-222
-7.012263010860697e-223
-1.7530657527151743e-223
-4.382664381787936e-224
-1.095666095446984e-224
-2.73916523861746e-225
-6.84791309654365e-226
-1.7119782741359124e-226
-4.279945685339781e-227
-1.0699864213349452e-227
-2.674966053337363e-228
-6.687415133343408e-229
-1.671853783335852e-229
-4.17963445833963e-230
-1.0449086145849075e-230
-2.6122715364622687e-231
-6.530678841155672e-232
-1.632669710288918e-232
-4.081674275722295e-233
-1.0204185689305737e-233
-2.551046422326434e-234
-6.377616055816086e-235
-1.5944040139540214e-235
-3.9860100348850535e-236
-9.965025087212634e-237
-2.4912562718031584e-237
-6.228140679507896e-238
-1.557035169876974e-238
-3.892587924692435e-239
-9.731469811731088e-240
-2.432867452932772e-240
-6.08216863233193e-241
-1.5205421580829824e-241
-3.801355395207456e-242
-9.50338848801864e-243
-2.37584712200466e-243
-5.93961780501165e-244
-1.4849044512529125e-244
-3.712261128132281e-245
-9.280652820330703e-246
-2.320163205082676e-246
-5.80040801270669e-247
-1.4501020031766724e-247
-3.625255007941681e-248
-9.063137519854202e-249
-2.2657843799635506e-249
-5.664460949908877e-250
-1.416115237477219e-250
-3.540288093693048e-251
-8.85072023423262e-252
-2.212680058558155e-252
-5.531700146395387e-253
-1.3829250365988468e-253
-3.457312591497117e-254
-8.643281478742793e-255
-2.160820369685698e-255
-5.402050924214245e-256
-1.3505127310535613e-256
-3.376281827633903e-257
-8.440704569084758e-258
-2.1101761422711896e-258
-5.275440355677974e-259
-1.3188600889194935e-259
-3.297150222298734e-260
-8.242875555746834e-261
-2.0607188889367086e-261
-5.151797222341771e-262
-1.287949305585443e-262
-3.219873263963607e-263
-8.049683159909018e-264
-2.0124207899772545e-264
-5.031051974943136e-265
-1.257762993735784e-265
-3.14440748433946e-266
-7.86101871084865e-267
-1.9652546777121626e-267
-4.913136694280406e-268
-1.2282841735701016e-268
-3.070710433925254e-269
-7.676776084813135e-270
-1.9191940212032838e-270
-4.797985053008209e-271
-1.1994962632520524e-271
-2.998740658130131e-272
-7.496851645325327e-273
-1.874212911331332e-273
-4.68553227832833e-274
-1.1713830695820824e-274
-2.928457673955206e-275
-7.321144184888015e-276
-1.8302860462220037e-276
-4.575715115555009e-277
-1.1439287788887523e-277
-2.859821947221881e-278
-7.149554868054702e-279
-1.7873887170136755e-279
-4.468471792534189e-280
-1.1171179481335472e-280
-2.792794870333868e-281
-6.98198717583467e-282
-1.7454967939586675e-282
-4.363741984896669e-283
-1.0909354962241672e-283
-2.727338740560418e-284
-6.818346851401045e-285
-1.7045867128502612e-285
-4.261466782125653e-286
-1.0653666955314133e-286
-2.663416738828533e-287
-6.658541847071333e-288
-1.6646354617678332e-288
-4.161588654419583e-289
-1.0403971636048958e-289
-2.6009929090122394e-290
-6.502482272530599e-291
-1.6256205681326496e-291
-4.064051420331624e-292
-1.016012855082906e-292
-2.540032137707265e-293
-6.350080344268163e-294
-1.5875200860670407e-294
-3.968800215167602e-295
-9.922000537919004e-296
-2.480500134479751e-296
-6.201250336199378e-297
-1.5503125840498444e-297
-3.875781460124611e-298
-9.689453650311527e-299
-2.422363412577882e-299
-6.055908531444705e-300
-1.513977132861176e-300
-3.78494283215294e-301
-9.46235708038235e-302
-2.365589270095588e-302
-5.91397317523897e-303
-1.4784932938097423e-303
-3.696233234524356e-304
-9.24058308631089e-305
-2.3101457715777224e-305
-5.775364428944306e-306
-1.4438411072360765e-306
-3.609602768090191e-307
-9.024006920225478e-308
-2.2560017300563695e-308
-5.640004325140925e-309
-1.41000108128523e-309
-3.5250027032131e-310
-8.8125067580326e-311
-2.203126689508e-311
-5.50781672377e-312
-1.376954180944e-312
-3.44238545236e-313
-8.605963631e-314
-2.151490908e-314
-5.37872727e-315
-1.34468182e-315
-3.3617045e-316
-8.404261e-317
-2.1010655e-317
-5.252664e-318
-1.313167e-318
-3.2829e-319
-8.2074e-320
-2.052e-320
-5.13e-321
-1.285e-321
-3.2e-322
-8e-323
-2e-323
-5e-324
0.0
0.0
